10000000000000000000000000000000
00000000000000000000000000000000
11101111011110011001011110000011
01000101110010110101100001101100
10000000000000000000000000000000
10000000000000000000000000000000
10101011001100011111011100011011
01001010001010101001101100110000
00001111110001100000010011100101
11100011011100011111111100000001
00111101100010010000010110011001
00011100001011011100111000100111
00101111001001010010101010010100
00000000000000000000000000000000
01101100100000011001011111001010
01101100100010111000100110000010
10010000000011000000011001010011
00011100001010100111010100011111
10000011000100001001010101110010
10111100011010100000001111100000
01111011001101110001010101110110
10010011100101001000010111011111
10101000110100010010000111011011
10101100100110011000100011100111
01110011101100110010011001001100
10110000100001110010110110000111
10011101101000111111011000111001
01110001000110010100001101000111
01101010001001111000101101110110
11111111100000000000000000000000
10001111110100000100001110110000
00100000001000000111111010010011
00000000000000000000000000000000
11010111110111101101101011010001
11111111100000000000000000000000
11011010100110101111110100100001
00100001011111101001001100111101
00000000000000000000000000000000
10101101000110011000111101000011
10110001011100101010111000010110
11111111100000000000000000000000
10000000000000000000000000000000
00101101101110010011111011111110
00000010100100110001001011111011
10111100010001111110100000100011
10000111111111110110010100011111
00000000000000000000000000000000
11011101000011110100000001101011
10100000000111111101010101000010
00111010010001001011111101111010
10111001001000011110010101100000
10001000000111101111100010111001
11111111100000000000000000000000
00001110010110100111111000100110
01001000001000001010001101101110
11011111110010011110001011000010
00100000110000001010001100111110
10000100001010111110101111100001
10000000000000000000000000000000
11111111100000000000000000000000
00111110011101100111101000100110
00001111100011010110101000101000
00000000000000000000000000000000
11111111100000000000000000000000
01010000000001011101000110110100
00100110001000010111111110111110
01111111100000000000000000000000
00011011010011001101010011111111
11001010010010011000001011000111
01110010000100110000110011110111
01011101000100111000011000011100
00000000000000000000000000000000
10011010011011111100000001101111
10000000000000000000000000000000
01110110000111010110101010111101
11111111100000000000000000000000
10000000000000000000000000000000
01001101100110001010011111101111
01001000010011001011011111101111
11100001001010110000110011111000
00111001110100011010100001110000
00100001101101111101110010100001
11001000011000111111100011101111
10000000000000000000000000000000
00000000000000000000000000000000
10000000000000000000000000000000
10101100000110100101001110100011
10011101110010011000100111110101
01111111100000000000000000000000
00010110010110011010011010011001
00111110101111110100111010101000
00110110100111000111110100101101
01110010111010101101111111010010
00110100111000100110111011001100
01111111100000000000000000000000
11111011110001011010000110011100
01110100100000011001100010101101
00101100110110110110110111101100
11111111100000000000000000000000
10110100001111101010101101010111
