00110010110001100101100100011111
10001000011011001100010001100000
10000000000000000010110111011101
10000001010111000100011100000011
10001110100110000100110110111110
00000000000000000000000000000000
10111111011111101110011101000111
01101111011110101010101001100011
11101111011110011001011110000011
00100001011001010111011010110100
01100011111000101101110001111100
01000101110010110101100001101100
10000110110111111011111001101010
00010111111010001011110100001010
10000000000000000000000000000000
00100001011001000010001110101011
10010010001000011010101101101100
10000000000000000000000000000000
01011000110110111100010110111101
10010001110011110100110100100010
10101011001100011111011100011011
01110011110001101000010100000100
00010101110111000000000100100001
01001010001010101001101100110000
10100101001001110100100000111100
10101010000101111000010011100101
00001111110001100000010011100101
11011111011101000110001001010001
01000011011111010111111110100010
11100011011100011111111100000001
11101000000111000001011001010000
10010100111000001011101100011000
00111101100010010000010110011001
10010001011111011100000110010111
11001010001011110101011110010101
00011100001011011100111000100111
11001001000100001010000011111100
10100101100100100010110100011001
00101111001001010010101010010100
10000010001000111100000000000000
10110100000010001001110000100110
00000000000000000000000000001011
00110110111111011000010100101001
01110101000000101101110001001101
01101100100000011001011111001010
01011010101010101111110111110010
01010001010100001110100001010010
01101100100010111000100110000010
10101001001001111010001011101111
00100110010101011101010101101101
10010000000011000000011001010011
10110100000110000011111111011010
10100111100011110100111011011001
00011100001010100111010100011111
10011100110010110111111100010101
00100101101101011110001100110000
10000011000100001001010101110010
10110101001100111010000110000110
01000110101001101100000010101110
10111100011010100000001111100000
11010001111111010100111101100101
11101000101110010000011100101001
01111011001101110001010101110110
10100011111011001100011001001101
00101111001000001001010100100010
10010011100101001000010111011111
11100010100110011000110010011000
00000101101011100101010110100100
10101000110100010010000111011011
00101111000000100100111011011101
10111101000101101101000010111001
10101100100110011000100011100111
01010010011001111010101100101101
01100000110001011111011100001101
01110011101100110010011001001100
01001101001111111111101100110110
10100010101101000100000100110011
10110000100001110010110110000111
11000100110001010100111111011000
00011000010101001011101011110111
10011101101000111111011000111001
10111000010011110101111100101000
11111000001111010011001111100001
01110001000110010100001101000111
01001011001101000110100101101101
01011110011011011011110111110010
01101010001001111000101101110110
11111101101101111101111001011010
01001010000010110111101100110000
11111111100000000000000000000000
10110001101100011100010010000100
00011101100101011111010101111100
10001111110100000100001110110000
10100110101110010000111011001011
10111000110111100000010100101111
00100000001000000111111010010011
00111110000110010110110001011100
01111111101000001010010100000001
01111111111000001010010100000001
00100001111110010100001000100011
11110101011001001110000111011101
11010111110111101101101011010001
01101010101111110000101010010111
11100000101101111000001101011001
11111111100000000000000000000000
01101100101101010001100001111010
10101101010110110001100001001101
11011010100110101111110100100001
10111001111010101111001001000101
10100111000010101011000110100001
00100001011111101001001100111101
10011001010101110010100101010100
10010111111101000011101110010001
00000000000000000000000000000000
11000000110011111111110110100110
00101011101111010000000100111011
10101101000110011000111101000011
00010000001101101111011101000011
11100000101010011100011001101011
10110001011100101010111000010110
01111110001111110000001010100110
11011001101010011100101100110001
11111111100000000000000000000000
00000010100111110101000110100000
10000110111101101101011011000100
10000000000000000000000000000000
01011100110010000100100111100010
00010000011011001100010111110110
00101101101110010011111011111110
11000000101000110001000101011000
10000001011001101110010001000011
00000010100100110001001011111011
01001001100100001011010010000011
10110010001100001101010000111100
10111100010001111110100000100011
10011001100001111100001010110110
00101101111100001100101110110000
10000111111111110110010100011111
11111111101011110100000011011011
01000001111000001100110011001110
11111111111011110100000011011011
10111110010010001101001101010101
01011110001101101001101110111101
11011101000011110100000001101011
00000010110101001111111010100101
11011100110000000001101011000101
10100000000111111101010101000010
00000110111011110001001111111100
01110010110100101010110001111100
00111010010001001011111101111010
11001011011001010100101110101000
00101101001101001100000000111011
10111001001000011110010101100000
01000001000001110101000010110110
10000110100101100110000010011110
10001000000111101111100010111001
01010111000011010011101001100011
11101101011111111110001100010001
11111111100000000000000000000000
10000010111011000100010010101000
11001010111011001011110101110101
00001110010110100111111000100110
01110101000111100111101110101101
00010010100000011011110110100001
01001000001000001010001101101110
00101111010110000001110101111101
11101111111011110010010011111110
11011111110010011110001011000010
00101000100110001100000001001100
00110111101000010110110001101000
00100000110000001010001100111110
10110000011001100011000101001110
00010011001111110011001000100110
10000100001010111110101111100001
10101101101100111000101101011000
00000111110100111101100111110110
10000000000000000000000000000101
01101111000011111001011011100000
11111001010100101110000101001000
11111111100000000000000000000000
11000111001100010110111101101111
10110110101100011100111001011100
00111110011101100111101000100110
10000010010000110111001100011010
11001100101110010011100110011010
00001111100011010110101000101000
10001110011011000001011000010101
10101010110010010011110111001010
00000000000000000000001011100110
01001111111100110101000010011001
11101111111100010100111110110110
11111111100000000000000000000000
01100111011001111010001010001100
00101000000100111110010100101101
01010000000001011101000110110100
11010010000001101101010100000011
10010011100110010101000011010000
00100110001000010111111110111110
11111011110001110000100110110101
11101110011101010011110001101010
01111111100000000000000000000000
00101001110101110110010101011011
00110000111100110111000111011000
00011011010011001101010011111111
01001110100110101110001000001011
10111011001001101000100011100001
11001010010010011000001011000111
11101001010000111100110000000101
11001000010000000100001111101101
01110010000100110000110011110111
11100111000110101011100110110110
10110101011101000001010110101110
01011101000100111000011000011100
00001101110000011110010001111111
00101111100110100001101100110100
00000000000000111010010111000000
11001100111110000010000110000010
00001100111101110101101011100110
10011010011011111100000001101111
10010011000000010001011110110101
00011110101110010101011011100001
10000000000000000000000000000000
10111011111111011101011001111110
11111001100111101100000111111111
01110110000111010110101010111101
11110100111101101011000011111101
01010110110111100001000010100100
11111111100000000000000000000000
10010010001101110111010000001011
00010100011011111110100000101110
10000000000000000000000000000000
10011001111001000101110000000001
11110011001010110010001000101011
01001101100110001010011111101111
11001111101110011010110111010010
10111000000011010010000000000111
01001000010011001011011111101111
11001110000001001001110100111101
01010010101001010001100101011101
11100001001010110000110011111000
00111111010101010011101110011101
00111001111110111011010101000110
00111001110100011010100001110000
10000000001011010001111111111011
11100001000111100111010010111100
00100001010111110111001010000100
11100101111000111001111101110011
00100010000000000011001001010010
11001000011000111111100011101111
00000101010011110110101010010010
10011110011010111110001101111001
10000000000000000000000000000000
10001010111000101101110001111100
10010011000000100001111010101101
00000000000000000000000000000000
10001111100010111111011111000010
00100101110001100100111000110100
10000000000000000000000000000011
10101110110011000111100010110010
00111100110000010011011111100101
10101100000110100101001110100011
11000101011110101010100101110111
00010111110011011101010010110000
10011101110010011000100111110101
01101111000000101100010110000111
01010111001001100011100001100110
01111111100000000000000000000000
00101010011111101001011000011101
00101011010110101101101111111011
00010110010110011010011010011001
10010011000000011110001111011101
11101011001111001000011000000001
00111110101111110100111010101000
01000110001110010101000101000100
00101111110110000010110100001100
00110110100111000111110100101101
10111100100001000011010100100001
11110101111000110110011000111101
01110010111010101101111111010010
11001001000001111000110010010010
10101011010101011101001001110111
00110100111000100110111011001100
01111001011111010010001010101101
01110100101001010001101100110101
01111111100000000000000000000000
11110111011111010101101110011111
01000011110001111011000100111000
11111011110001011010000110011100
01011110001111000111100111011011
01010101101100000000011010101000
01110100100000011001100010101101
11010011001100101001011011000000
10011001000111010100010110001001
00101100110110110110110111101100
01001110011001011111000011110001
11111110100001011100100100001100
11111111100000000000000000000000
00001110000000100011010100000100
11100101101110110110111111110101
10110100001111101010101101010111
